282611784
1309915229
2859520416
19711705
203014398
36419269
2980032650
521730422
2495819618
980812965
1676014778
2514430368
273610707
330027378
84397311
2617721351
2821229764
100149762
2823825167
312031378
1287628075
469725762
786718370
184734144
2696025474
2269412481
6607692
131286515
465111657
300244403
2507118550
3074714127
2684415426
105532958
328425694
387428767
178314196
809914032
308324130
192853233
2153711433
2519224024
1778112545
1398232437
1807119888
783412776
316884347
1596324322
2960716156
145963370
180517044
1225430225
2872530402
1295917704
23840181
126122288
31110815
238383409
2718729514
662640
722619823
2441927003
1466613765
666718375
142998439
256712380
2784028058
1546716782
2772720669
317027696
172928865
2047132356
255648811
571230358
46331799
620217450
700513295
1693814419
1465331357
246264710
2937718942
97124205
863123063
3041711456
346911916
2452713297
2092029710
3161313703
8538021
397513582
23057623
3137622573
2464719544
1399728
282659930
23001966
3011326198
1685525894
23992180
540113710
3128615704
3048223860
2324321573
1907821344
3146928454
3233018465
531516539
59645696
69789681
71234466
80861621
174151233
966726154
504330093
1140424089
1671432223
2779628232
362421567
480324334
2972321207
312119222
194904919
1015530050
2110829258
42444994
112044233
2650726822
204208814
3185432160
319769516
2815529421
650819357
1303730341
962414204
1597526128
902721204
173025148
578223992
2369925453
10421077
627811412
40524229
135858644
87283461
17729440
1356528010
2196417368
121682223
1217020278
291622385
3033716116
304705695
1208822929
1207821260
2080120836
307652024
803219503
221551486
191842295
215166911
262436163
1010611182
2759322916
246817149
2270713700
2346312328
1019917249
6201024
1026321132
7026668
305892541
2836623883
95784474
1700818636
1636831240
2935117346
2060422369
296728546
300016534
865111375
1451110903
3259830312
491520736
195829984
116438502
535524526
539323475
71642118
1610824478
189555608
3247221663
324989399
36159969
2810929677
259542489
261146893
2810429590
116472681
1980318809
2054711813
2116611191
233616907
173476492
1017512481
516524003
61163464
1803431843
2814732454
319233820
734811447
3188718835
144192143
108206569
2730732451
161514723
3193927736
161197222
655325788
290216545
118078868
2495030479
269213334
1062822781
1042014040
345823417
1539414632
105026348
283574781
1342027130
2851218862
95215527
1357522658
1167724795
713526439
2448514073
1616519927
3047923213
1342629176
379922036
313321971
178747361
1526527304
57775133
2134431679
2624830126
1028117826
420716524
205023465
2813711216
652119734
931620541
2428017986
1465631683
236065016
1259525425
270282209
161089964
1605630367
1765423550
926110621
120004592
1370712551
260111274
639319031
2537929498
2046332143
1059318436
134517358
82734474
3183318780
803229788
14758232
97524641
740830325
20465446
49159680
402722502
2766411845
2393122667
2015029138
117128996
1249017436
113661271
77828801
144735881
1725010158
15397220
66104434
1551714984
2503926514
190526765
180437838
80359400
2156717348
124013541
93032788
239369235
2497720516
1618529118
264125060
875319305
50819973
159471146
2119129957
2246916458
1967911102
16151637
2253926065
20786543
1091223532
154816064
1661116500
338019922
1530813583
1833932000
74349792
449712785
10949112
1244332477
209082091
247901935
209041858
324405052
2199729007
21017059
2450817702
14632661
1622724937
1816529863
1971627204
326206501
783114171
202094538
2437024065
2914629613
1114411179
2178514462
60659380
2716320722
1693723298
2916821483
617012760
93931547
1199824749
2100425274
2220719245
2978815767
19202287
1397730187
899731383
1352327284
2698025709
1787816192
313624333
3098529384
480524784
1115812224
1133114444
309232892
470021799
24979780
201045937
210725659
210754979
1454411693
677450
7728472
211923385
2261319452
246715750
3053813797
1274725763
1214524633
1042921320
1876816493
2480631167
238994413
2403629112
288803068
226728766
2300819496
2566024554
120474417
3103323895
1788521211
220532725
119023283
3206627746
301523167
1998624790
3123411336
141011613
2051614844
2518125130
1430814207
301471386
1281510371
2520125975
2864225688
851523375
234793077
284064420
53499879
182278693
2531322457
42979084
2551325733
2437929417
3107431386
2802621488
1516728015
1381114558
2807024039
1940418129
1780637
2289127177
3153229601
266813898
2862224955
2192521315
2739921776
650716804
13068716
1666229003
111828991
176035744
1143314450
644123682
1969219323
89187265
175579
2834717101
653018904
2148331519
1258622599
2524829238
282885036
1753517845
268689411
2921329548
1238417
2502523827
458610032
497213374
92595224
770225229
242091151
876316931
163854817
1781414938
1862523459
72135301
193506324
88457703
2308127669
1160726674
2065519771
2917916193
1760919539
326810234
234658149
1026131166
1931912380
1048226900
30595813
12175717
3132316437
929829865
2983911600
307507473
1214732360
865225222
1960517123
2226614435
2945616000
2488917310
285926379
244099821
827811151
1124023686
1193425003
331715479
2400024232
437728664
2859624234
1580131085
260101381
293176481
80243890
979610207
78136241
2478814098
2880628369
57404304
10148639
1846925954
2798017372
351315912
242475026
277862187
2234932231
816619762
1981311955
1396126489
225939295
1059520767
740930878
2038022078
62721680
2146217793
2895917045
376228817
851520847
272854304
1562616331
1348425674
229468242
325575865
297311258
3094419432
680814434
2403123433
6171479
260106411
2400116816
2102113526
1397716824
11743834
1428325229
151213543
319918381
2343119741
145867857
2869514584
641013028
1448327012
758917813
3001421127
353323243
201807007
2015028920
3271513113
3050722226
892130084
128464958
1912629350
135355197
1821112525
193595772
1514731176
1701232023
267931847
114392574
217709600
2042911786
110927460
1372425009
3261530993
1065515752
2214832025
965017417
641124739
291694598
208738608
3170326860
23793961
1040318491
287144071
99842037
583410204
99610821
3874576
172122274
101068902
633113700
1578864
152656327
2293723863
2137512653
1862421792
1841115097
152225931
1647922009
107834734
327341395
20554354
9178548
58021149
1903022548
65112480
25416622
302551792
1260931119
2967020938
1569526461
283689555
1693130170
68374303
2110327641
2599916867
160183248
1082431836
3211927726
19614881
735412303
202581894
3175727629
6328451
224914794
8923013
2641111372
311704131
429418104
1325123731
3164421474
2598629950
3235627603
1307726961
129319068
314012230
1182328186
3271228450
1070815786
2351117392
530221599
2249915502
2376932066
502114199
281907866
7586865
1143823388
248329911
2831513572
306215177
1453326149
2150012867
1714725949
151075211
189118253
148464687
2486029351
2985731119
3228923176
2314524886
1035313065
227489023
1086121521
78630198
2112115981
2110814764
2304630498
2579620143
1315911521
233901914
89923677
163172856
1902726042
441615407
3246118662
2462230538
871231948
664916055
34885030
273279635
3488755
225504067
133267434
309856628
275798238
2851015589
2482821730
1563867
2909227071
647225045
2627520739
109971946
2077914636
1881515408
1716929638
110247334
2622916001
880519796
145018838
2069229641
2771124075
147333333
139743109
668829673
315932478
1132711243
446132648
1350917422
1641726961
101626130
295021015
1921126087
27613693
2736825960
1166722078
823624646
1874718881
1240213378
2844125070
3195631136
2552426945
759916344
1201725884
27559654
338021090
663527332
316884161
1785012367
2572927983
797512167
114232777
38651859
109982679
3240521253
1876414820
902421873
2176312557
299839988
171445736
1270615618
2730632135
406523728
319035101
259720164
143394128
2474626394
91075888
1475513480
198972902
63928084
2252031664
3031527716
208758813
2818420183
954511284
237424434
788414314
777712861
1915418115
3157114383
140513096
127411143
2155721850
1224322621
46031622
2015127833
4854858
2134118178
2421319847
307532233
43017095
1408316743
9944784
1278717875
305075738
287481913
123944958
553456
215829360
301281611
1112720014
106937290
47528521
28474753
54811667
140182578
2250931529
3237813095
210025348
2742321978
2622429835
1333631624
20137195
2051019603
349326441
83430296
1715414967
363411617
262741189
252728155
903925994
38727722
3169531203
2589828795
1178516908
77901210
2084222221
147230534
1344724694
973123554
158761070
175541133
2168415240
1088513268
486519031
491225543
1883118116
2558111465
540426525
438010059
29873312
2160722748
1763314041
6219410
1681524216
1557124044
3051326086
656712403
2144234
2490210301
1581015399
1883230524
2392019032
755911511
809228926
725410624
1929625817
1883515526
86054694
480117771
2012422696
2818526041
792531514
221547760
3166415524
1868626371
2909922972
99515924
1849121614
866512861
2741418095
534627904
1112112015
2828032385
726927373
41384515
373521711
1826627344
2844013938
172175614
34661791
1131612430
34619919
164219318
18493376
625226113
69967512
319442997
322945209
2652820694
1587417990
807922825
186647477
259218587
300503733
7126819
478031426
241610566
1743110967
77869194
1118324772
2375121932
1026811680
1895817286
10694576
347518955
2540511784
1739913029
2274316385
1125016001
501932300
417630217
3158126390
492222931
721129101
1605516024
2327232594
3237129351
2386313359
2630230298
1039510699
2786325738
1558012251
2980322975
116923932
2210528650
32650990
175928791
1943124355
1231511741
288072792
462716728
2001123811
166304697
2314929102
1251110779
228335
1791032441
2039123913
715411423
191188557
2633225662
171448788
2075724581
731214864
3138630348
286602609
321357442
2118312798
713028201
499710949
313542224
2790315983
344823298
2980019543
654811885
1821420573
284191766
1527724630
1675111002
65614870
1670426632
74821840
2306626286
1892531340
150149089
2055310267
245424577
284725048
276198140
225015712
164731553
2006014931
1339810056
702518475
55838992
86518732
16836841
202577564
2990822292
1049330325
3197113256
1139113913
62038694
1166611142
1580922398
3146322778
2234632371
808816760
1238230925
2663626843
169563166
1180232683
2852824
1240127886
377319244
3103110816
302321125
61289766
2161725719
129628352
501728802
1285413821
65101660
36183059
42584829
3155721743
1196620124
5307594
70146491
163696397
2377417375
2249824054
2810924258
2211619499
2464124940
32212638
1278815679
988221250
1377412562
3211005
1399428897
7418975
1417330146
3163520050
296842587
2058618786
211026131
302807614
2445928742
32675272
2091430397
1682030138
444129725
2172322961
2033613598
2975922414
1433529247
18128130
1129812729
10979202
238891457
221310692
1174931409
657514785
3144819033
326288572
130059810
2771913321
2414412164
352030641
3209428041
3030630973
2410423137
1906621521
2075622119
1338626683
240696275
2544727084
2428428322
700817959
902325187
55363607
4095651
1499823142
3107328124
3022724235
1910422841
109957779
990120653
255930787
2412323477
2049831693
1243813051
1215515650
823421196
267876935
287414556
2200011146
123184073
2839216887
304854493
169017478
138846936
1874516871
1717524717
15627289
3267223947
1907330375
1729410624
400823405
2735123577
70421689
116365629
1028125213
9316442
244552020
817924831
310225131
1311631245
72948626
638131080
136696483
218347122
99322514
1470913433
3141385
1124425456
3251021302
231234188
184548087
1445232112
303933414
288041691
1008630209
1040724831
103216363
1682328326
635828544
2950531344
2879225301
2683328752
1521127524
1752026040
170215030
108581618
1779021377
1493314577
1299930581
64784295
1977216753
2906224280
2947325275
281430638
2487013904
24974335
62877801
2359623916
2881824735
2411987
2227229536
134624904
106429411
276633623
972112136
3247529164
180222595
237769855
289435194
3028012266
235819325
722423637
625322022
2100524629
331410065
17382704
1672410589
163428324
1532530307
93931480
3035825176
14771115
122056590
117093804
64268895
146245825
1113829820
493523404
82846307
1561316659
223542879
1251919279
1098619669
3208224527
3082123212
110568526
24296364
572430402
3119315851
69504823
67968259
156273995
1769525896
1094829307
2985814712
1728311374
2725923572
37727248
33374591
2805918994
65368292
16618192
1157316845
547229507
2705818513
2051320824
1450725341
808325056
2937014614
1503014698
2804020398
1642312974
1362228022
232014363
2994728883
378010036
2126219508
565322054
173507330
2746330813
61433737
275773399
191371302
1286314585
2102014065
387727681
3055013933
1675318491
313055902
218655128
10309642
1954121564
1145426307
2906223671
637120244
15127767
2906627242
24311660
1538025781
313839292
2177310591
2665027271
46923292
253817790
2060413443
3247227727
2853112444
178794788
60931930
33283053
1403523115
291466651
1410514701
584915631
30529219
128365954
1672524328
3113114470
2119413860
412126333
88579597
2251814025
13821968
201772051
9597872
2215614959
15328878
399112112
3211723881
1035427321
1985910536
1802926948
1247510902
2757132261
2483122892
3239019649
1213419878
2196413404
52667535
2836315761
1347224958
1233725062
2312021413
2415116094
1162215271
94142416
103207755
2277921944
436025262
231431773
3103625053
1324231635
24775283
2492918929
738121408
249098390
2785223963
286638248
226366170
579316141
94815919
283824125
2237829076
1621231751
922025082
2195317188
2759332415
1695623481
619626143
22462113
78332188
5600778
2253812224
2455014158
422025074
94692629
439021128
240016569
1079421804
77024474
326311826
2503218067
74068921
2882014749
557212736
25371218
130954186
122996597
3024430869
158793344
288721624
1073924302
1498127227
1547925850
98416187
2497326584
336913518
3034018722
12671460
1466717829
438827438
1559610190
1991819
187932351
688023745
1545711110
316397794
3124424432
1448931567
1895321754
2348427112
1957924616
278620901
327669914
123198791
191765179
279342578
1070324187
2400015679
1005911840
281671261
25216441
182271896
76314659
618632525
1471828815
1564521340
2696630708
266518511
2412524385
1605914314
20357622
246962580
3215216819
265224229
203352768
274897616
96977535
3222625187
2093324992
1484829500
1276625251
1824515807
451717059
290631909
259295793
2587118839
178116046
3020327355
228653677
3043319342
2951522904
2526922499
1461514578
240455259
16527197
2121822917
2001831261
1164212088
2123314237
31236447
238515312
274917812
472514170
318312304
209939569
834411297
1495217310
3066926621
1552611432
1474818183
2467829715
2754614224
755310725
1408529167
2835312873
1271211732
49017800
1177516857
1049111316
2217224922
288492983
634527783
7722188
88151719
987913947
3051826368
1437132747
248145892
89152275
161745133
2319729201
312901629
91014559
7466703
320159635
233692658
1290427158
121215591
216341032
1187628857
2481714418
43579629
670514859
255111418
2180820991
1362826554
163976748
24362561
15688879
1566229790
300104111
3001615056
20943480
76084458
313768476
1521926282
1887614356
545530727
18202221
308615321
809725633
7289797
3189812947
2695615209
861523263
980928125
1126715328
213191611
2228326388
125518760
2713426446
1571811571
1305724491
98215989
131585831
3082323146
2487716945
311516479
86519756
305558508
2513123895
12442660
2865923935
307591147
307282931
817527512
2005229704
317483323
2528731998
31351224
19478755
409528692
278694887
1218715783
2999317504
2597717955
1835718943
642310525
172963410
1501620745
1438013211
2450511603
181918609
488421163
4886501
2352430112
825911656
1641129552
24888635
1793723838
2873116583
1470114534
1799525791
1415327950
2390918370
178092973
2265615477
3114827632
1020219120
2927920202
291741144
1047831436
355710030
239401573
2938223813
891617644
1652112986
197133020
179125503
1836315807
1023127960
606022494
35949961
283428536
3074517263
2398122113
856015983
2146722924
538624973
435419932
2228722494
1156624376
183315535
1996321982
889726663
1810217913
1684816922
95923925
4686112
1771317426
2953624661
2784516823
142193522
253327946
118334877
2236429757
2294018732
2467723082
690618655
1590812707
114403231
1753629955
3211928369
1243518441
2071022592
2798714823
1874413002
292928053
1595229786
288017275
153022038
3489967
44683033
1939410220
10694067
2950815812
1018822223
2595332262
2494832710
638418243
314221747
2374225886
2384812342
3109515011
132536173
1095426330
3195710512
132566043
24637883
474932419
1884626
59237400
1948516031
2499522570
1032025952
29733787
145907903
1867648
1810512802
191043464
254817140
2152622397
1006728259
2647331720
166789452
2766222650
1694423251
1012030136
1783624568
142116022
1653029702
1110822088
2050227374
2318585
2084930100
2629220205
995725287
170712940
1996327767
268873455
1102425890
910129591
1179122928
3026929403
1344031424
1264612403
1965025634
2842722883
160204615
3264927812
319637253
242727513
257592431
2479525600
2799019892
228902567
1187719031
622521026
2403625008
1050417146
1142529409
2290328904
906421019
853922467
259864369
63801782
3186811181
1708521461
439427906
114911585
138028323
1160913097
977325458
1577914916
798810907
147706333
1384820545
15441822
2023715961
248605392
66312294
2560014194
143023333
3027331912
2830226426
1460723350
313822346
1167720109
2494525435
685913860
2957720408
3021110955
1969216074
2134415933
36403396
847022772
942016029
1281410817
190803523
2350424219
1301130222
111744152
227518546
304629690
90178442
192175100
420220593
3270613261
248693682
291299580
213621860
1025628437
172086894
2671720362
102624401
3256230294
205015205
161145726
3080711876
313001721
88435943
3218826049
244164141
1964129290
2222013043
96094051
1773022721
430810011
977910961
5523414
265815909
1643117536
310732041
166978913
2333310119
3179917105
267325850
30230461
3224222101
990210571
151217508
181535275
159204643
1898421679
293827982
176217965
1165611897
2113419905
207969537
531611960
2606913890
553512235
3121819755
2917568
1578420047
111147960
1497732413
169453820
1965210194
584520345
1688719693
759119414
16547739
158976851
2389516789
1225130524
23916639
1312310062
104614002
1048217706
92261924
196377800
1347216774
60577661
1319129238
349129472
840011510
3118227801
1655821949
2421414379
108751037
736532133
186844645
56121795
1226211383
1997327850
2729730044
2056630227
103154359
234499415
2688011703
64898013
418523601
2575927807
30619566
2555013988
990517041
311801722
371622556
2109012433
3082523906
355824384
3250028480
2050330866
157575384
1389619105
607231422
3091314247
14337047
1520221520
248728766
2087310964
1331230473
310307171
220299547
208452466
196247260
406018101
65112438
1478231901
42036513
2559931396
773323985
160339175
2703220446
2851028436
557112021
3265511619
1035216221
249082697
2256128700
2043731707
400924651
38884433
1918322727
2024423771
125273626
1357425592
384116122
2093020356
6494544
150019921
534422939
656723290
1997723925
315825460
3274854
2416129926
626217433
2333928987
2499927452
969730709
89921819
349331172
1245227391
2788410839
2610024371
618017522
109019656
809121569
2530014137
2678031724
2919219521
2505126219
128231708
2229023708
108320316
1022112434
2432615405
2614829488
321644650
791010231
521714337
2137427421
1188211444
2590515839
636022162
3082127928
3249015974
487317937
70582798
312803483
926820622
486327995
206502374
1914619302
935518658
1906616398
23981368
310267675
1124027639
465816509
566126982
209875152
1240728619
324353457
203322469
20428609
263937740
309456392
2254728239
2352016779
20161934
983828225
2838521610
2419932051
2523817641
88052242
2986816799
81004653
1720719161
144314947
77406171
3050932021
984219405
162178720
187613889
1988622730
1591610904
1575512858
2688328118
2784627885
1791731987
2600418263
1703621795
810519559
101617672
2371220062
310976871
9116992
2861620649
824031563
2773313266
2674822601
459829287
283134001
2486211931
85045459
3216315739
3264512515
45315836
929827637
6217057
318520250
1041821217
726524810
11852104
105426995
3206218460
219419248
454867
277443613
246317075
336225226
258745099
2662532271
1033614768
509424063
1125123050
2915117984
1201422305
155568794
2317612769
1538631949
1127623542
7735168
1642026100
1578314679
2543224021
219671213
302629097
2734427523
829210889
2679921423
1249221453
1579416760
82225215
297096744
691428943
37737780
73689031
117013033
132091666
156728439
2343216921
1344628690
1367311295
1017014822
183935710
1253116939
2086326432
2987421097
424121475
1779524334
911319751
10976702
2648930201
2030617386
3038013685
661722692
1172814679
3035023729
2288131923
474311744
288729959
383525243
66022221
285823772
1383111829
1854319106
149212690
2823312419
618320467
1211917411
2250210037
2209930726
1311022647
3204818115
9026207
294384123
2488810811
1460712840
2779518651
233844120
180806237
1026531548
185128088
275312892
1199420765
359627470
2299029738
187986854
1453322626
1579628272
2933014810
2583311580
212974660
3109429178
2765318385
1447829734
240523875
916121253
853513569
15515873
809115711
1631223792
130366333
766524716
326425630
1673822495
232593388
2254221998
2988329881
1189810040
446616921
2356923694
1468527599
378330756
4317894
1484528905
2110531905
1142820
1991230036
2115827903
154794660
960119257
912417500
414924279
265912995
190416922
85442586
2832928407
142422250
2057021698
25089885
2158522252
90616859
2076132736
1866720057
1493126568
631529165
700321669
185503236
95128351
1706013576
2136423193
520922076
2793321769
435921882
255485895
2027611200
2222825508
2521418373
1570919324
3042819506
3168131887
1258232271
2667817484
3093630587
68630703
385929345
2559514093
586016615
1029515469
2938517000
2262712570
702529093
596613750
2144422391
55605649
2409931561
453623291
58739091
2594711862
622631305
2676617775
1925027238
1081417806
244218563
1759722219
137907325
2084022820
276598118
1626328621
1209516842
472422215
1466519460
1920014004
2024329490
1827370
1598028279
2728128102
2689126175
2675624386
20920344
1522422986
228631792
15702380
2932016729
1978214479
84408868
3272818629
304214813
1904018275
211408707
147555680
139994459
2879922940
2013421525
299758532
177327215
2283232531
2051518552
1685932699
523417912
469315012
1867814831
1591527444
146712059
169718608
37092269
100694177
1621166
1385630107
2202517870
1490927882
2135222798
160451102
35419439
2556116024
27472250
134349397
1516927537
16822315
2233518469
1908331298
255579386
2929732117
2043019784
1925912905
1977429012
1388726413
234955246
2475811042
184538268
244223084
1757910695
1164610602
3273816244
48014611
2334221381
135428130
101485713
2259117859
300121762
50181198
3028512429
3158931044
1712816616
206914647
2950730839
1530429247
871423495
1924032618
483224958
1985926804
9323730
14458215
89468890
107595476
2046126914
1817925875
1852355
1227820567
853113490
2088030774
1790811095
519116216
145815730
1209824926
256678601
88225237
1719116820
718326922
480813005
1972923680
2763415122
2899120543
107731469
364423952
1729710822
1176013767
3051213270
61891408
2942815616
203703565
2254829612
2193626734
164496483
3134010338
1028521362
1501220286
2542224632
2920618140
31968898
2572522037
1079316394
2508417297
1280012507
27526878
280485897
3017818368
1801028574
1626631688
218819687
169864648
209013713
1026054
2804320990
3207919855
451525756
537813070
246730824
166230525
548325935
172266555
3131220453
1637621886
3151720825
1953210667
443923465
1398532292
1939811794
1600923617
3025628107
683627906
2826414066
565112708
1908014791
210810866
1343414360
1153724542
786930460
8092464
1392530916
318064414
139244911
2816918429
3277713789
1111413015
736629958
973912765
338211372
2917521246
239820110
1024015065
568413343
182704048
521332694
231927006
1132327079
255125546
151432258
2133820316
972327098
408511695
135243353
2025311463
235746898
1816823622
580825895
313762586
137292124
95923992
1861916764
273929903
119019530
1096124086
1898523802
956330696
129652802
1880121746
1789016235
657829289
1563031852
1826822177
304674089
2680432220
4571928
283292400
2390030644
760425804
2347127701
358621931
168805136
3042110570
385432267